1.16978
0.778866
0.437581
0.229123
0.15971
0.135555
0.117051
0.105296
0.0956394
0.085935
0.0773913
0.0633019
0.0553572
0.0504054
0.0452467
0.0392151
0.0335558
0.0286094
0.024698
0.0209658
0.0192728
0.0173494
0.0157283
0.0140495
0.0128493
0.0118947
0.0110184
0.0101584
0.00938145
0.00864253
0.007996
0.00748648
0.00701789
0.00657278
0.00616575
0.00579253
0.00543818
0.00510027
0.00480693
0.00453543
0.00428223
0.00404525
0.00387999
0.00371851
0.00356086
0.00341158
0.00327243
0.00313527
0.00300078
0.00286841
0.00273772
0.00260903
0.00248301
0.00236035
0.00224135
0.00212604
0.0020144
0.00190658
0.00180269
0.001703
0.00161091
0.00152261
0.00143809
0.00135731
0.00128022
0.00120694
0.00113719
0.00107085
0.00100784
0.000948048
0.000891371
0.000837716
0.000786987
0.000739034
0.000693743
0.000651
0.000610688
0.000572694
0.000536906
0.000503215
0.000471517
0.000441708
0.00041369
0.000387367
0.000362645
0.000339437
0.000317658
0.000297226
0.000278064
0.000260099
0.000243261
0.000227482
0.000212701
0.000198856
0.000185891
0.000173753
0.000162391
0.000151757
0.000141806
0.000132496
0.000123787
0.00011564
0.000108021
0.000100896
9.42344e-05
