15.1796
6.92058
4.05895
2.51066
1.6014
1.07926
0.820957
0.65891
0.553628
0.495075
0.460902
0.432235
0.409768
0.388675
0.368965
0.349557
0.330934
0.312861
0.296053
0.280191
0.26477
0.249804
0.236377
0.223799
0.211454
0.199377
0.187717
0.176623
0.166163
0.156433
0.147286
0.138552
0.130211
0.122282
0.114784
0.107723
0.101092
0.0948682
0.0890191
0.0835163
0.0783367
0.0734611
0.0688762
0.0645724
0.0605383
0.056758
0.0532137
0.0498905
0.0467758
0.0438566
0.0411201
0.0385705
0.0361876
0.0339535
0.0318594
0.029898
0.0280618
0.0263435
0.0247355
0.0232306
0.021822
0.0205036
0.0192699
0.0181156
0.0170359
0.016026
0.0150813
0.0141975
0.0133706
0.012597
0.011873
0.0111956
0.0105617
0.00996843
0.00941309
0.00889315
0.00840625
0.00795019
0.00752294
0.00712261
0.00674741
0.00639567
0.00606581
0.00575638
0.00546602
0.00519347
0.00494871
0.00472166
0.00450791
0.00430717
0.00420834
0.00412583
0.00404494
0.00396564
0.00388789
0.00381166
0.00373693
0.00366367
0.00359184
0.00352142
0.00345237
0.00338469
0.00331833
0.00325327
0.00318949
0.00312695
0.00306565
0.00300554
0.00294662
0.00288884
0.00283221
0.00277668
0.00272224
0.00266887
0.00261654
0.00256524
0.00251495
0.00246564
0.0024173
0.00236991
0.00232344
0.00227789
0.00223323
0.00218944
0.00214652
0.00210443
0.00206317
0.00202272
0.00198307
0.00194419
0.00190607
0.0018687
0.00183206
0.00179614
0.00176093
0.0017264
0.00169256
0.00165937
0.00162684
0.00159494
0.00156367
0.00153301
0.00150296
0.00147349
0.0014446
0.00141628
0.00138851
0.00136129
0.0013346
0.00130843
0.00128278
0.00125763
0.00123297
0.0012088
0.0011851
0.00116187
0.00113909
0.00111675
0.00109486
0.00107339
0.00105235
0.00103172
0.00101149
0.000991657
0.000972215
0.000953154
0.000934466
0.000916145
0.000898183
0.000880574
0.000863309
0.000846383
0.000829789
0.00081352
0.00079757
0.000781933
0.000766603
0.000751573
0.000736838
0.000722391
0.000708228
0.000694343
0.00068073
0.000667383
0.000654299
0.00064147
0.000628894
0.000616564
0.000604476
0.000592624
0.000581005
0.000569614
0.000558446
0.000547498
0.000536763
0.00052624
0.000515922
0.000505807
0.00049589
0.000486168
0.000476636
0.000467291
0.00045813
0.000449148
0.000440342
0.000431708
0.000423244
0.000414946
0.000406811
0.000398835
0.000391015
0.000383349
0.000375833
0.000368465
0.000361241
0.000354158
0.000347215
0.000340407
0.000333733
0.00032719
0.000320775
0.000314486
0.00030832
0.000302275
0.000296349
0.000290539
0.000284843
0.000279258
0.000273783
0.000268415
0.000263153
0.000257993
0.000252935
0.000247976
0.000243114
0.000238348
0.000233675
0.000229093
0.000224602
0.000220198
0.000215881
0.000211649
0.000207499
0.000203431
0.000199442
0.000195532
0.000191699
0.00018794
0.000184255
0.000180643
0.000177101
0.000173629
0.000170225
0.000166887
0.000163615
0.000160408
0.000157263
0.000154179
0.000151157
0.000148193
0.000145288
0.000142439
0.000139646
0.000136909
0.000134224
0.000131593
0.000129013
0.000126483
0.000124004
0.000121572
0.000119189
0.000116852
0.000114561
0.000112315
0.000110113
0.000107954
0.000105837
0.000103762
0.000101728
9.97336e-05
